a1_CB =  1.1743 +/- 0.14523 L(0 - 5) 
a2_CB =  3.3606 +/- 0.17473 L(0 - 5) 
mean_CB = -0.551960 +/- 0.056785 L(-50 - 1) 
n1_CB =  3.2485 +/- 0.82301 L(0 - 5) 
n2_CB =  0.0000043244 +/- 0.16512 L(0 - 20) 
sigma_CB =  1.1751 +/- 0.044312 L(0 - 500) 
