a1_CB =  1.3152 +/- 0.11508 L(0 - 5) 
a2_CB =  1.8809 +/- 0.22939 L(0 - 5) 
mean_CB = -0.622626 +/- 0.057646 L(-50 - 1) 
n1_CB =  2.6125 +/- 0.44635 L(0 - 5) 
n2_CB =  8.7626 +/- 5.8762 L(0 - 20) 
sigma_CB =  1.8304 +/- 0.061420 L(0 - 500) 
