a1_CB =  0.026869 +/- 0.43323 L(0 - 5) 
a2_CB =  0.034693 +/- 0.55864 L(0 - 5) 
mean_CB = -0.203429 +/- 0.037913 L(-50 - 1) 
n1_CB =  3.4335 +/- 0.28754 L(0 - 5) 
n2_CB =  6.9229 +/- 1.1659 L(0 - 20) 
sigma_CB =  0.022299 +/- 0.36144 L(0 - 500) 
