a1_CB =  1.5193 +/- 0.094075 L(0 - 5) 
a2_CB =  2.3187 +/- 0.16383 L(0 - 5) 
mean_CB = -0.265323 +/- 0.029102 L(-50 - 1) 
n1_CB =  1.2788 +/- 0.11417 L(0 - 5) 
n2_CB =  1.4482 +/- 0.31045 L(0 - 20) 
sigma_CB =  0.94413 +/- 0.027350 L(0 - 500) 
