a1_CB =  1.1888 +/- 0.053544 L(0 - 5) 
a2_CB =  2.5239 +/- 0.12663 L(0 - 5) 
mean_CB = -0.341612 +/- 0.021008 L(-50 - 1) 
n1_CB =  2.3116 +/- 0.15050 L(0 - 5) 
n2_CB =  1.0690 +/- 0.21449 L(0 - 20) 
sigma_CB =  0.95724 +/- 0.018881 L(0 - 500) 
