a1_CB =  0.70739 +/- 0.044830 L(0 - 5) 
a2_CB =  4.9613 +/- 0.10135 L(0 - 5) 
mean_CB = -1.94975 +/- 0.15887 L(-50 - 1) 
n1_CB =  4.9722 +/- 3.4138 L(0 - 5) 
n2_CB =  0.99408 +/- 4.1400 L(0 - 20) 
sigma_CB =  3.9842 +/- 0.12116 L(0 - 500) 
