a1_CB =  1.0044 +/- 0.097355 L(0 - 5) 
a2_CB =  2.2278 +/- 0.34690 L(0 - 5) 
mean_CB = -1.24769 +/- 0.16503 L(-50 - 1) 
n1_CB =  5.0000 +/- 3.0196 L(0 - 5) 
n2_CB =  7.0212 +/- 13.559 L(0 - 20) 
sigma_CB =  2.9129 +/- 0.15307 L(0 - 500) 
