a1_CB =  1.1801 +/- 0.061420 L(0 - 5) 
a2_CB =  2.5208 +/- 0.15129 L(0 - 5) 
mean_CB = -0.519704 +/- 0.031924 L(-50 - 1) 
n1_CB =  2.4207 +/- 0.20633 L(0 - 5) 
n2_CB =  1.5748 +/- 0.40873 L(0 - 20) 
sigma_CB =  1.2641 +/- 0.026860 L(0 - 500) 
