a1_CB =  0.88207 +/- 0.062081 L(0 - 5) 
a2_CB =  3.6435 +/- 0.36294 L(0 - 5) 
mean_CB = -1.20901 +/- 0.13697 L(-50 - 1) 
n1_CB =  5.0000 +/- 1.4462 L(0 - 5) 
n2_CB =  0.0010423 +/- 1.2224 L(0 - 20) 
sigma_CB =  2.8644 +/- 0.10301 L(0 - 500) 
