a1_CB =  1.1161 +/- 0.085200 L(0 - 5) 
a2_CB =  2.3950 +/- 0.17419 L(0 - 5) 
mean_CB = -0.359785 +/- 0.044273 L(-50 - 1) 
n1_CB =  2.9989 +/- 0.39383 L(0 - 5) 
n2_CB =  1.4497 +/- 0.44723 L(0 - 20) 
sigma_CB =  1.2167 +/- 0.037530 L(0 - 500) 
