a1_CB =  1.0926 +/- 0.090047 L(0 - 5) 
a2_CB =  2.1101 +/- 0.17797 L(0 - 5) 
mean_CB = -0.476134 +/- 0.048731 L(-50 - 1) 
n1_CB =  3.2665 +/- 0.48048 L(0 - 5) 
n2_CB =  2.3465 +/- 0.68428 L(0 - 20) 
sigma_CB =  1.3969 +/- 0.046540 L(0 - 500) 
