a1_CB =  0.96382 +/- 0.049713 L(0 - 5) 
a2_CB =  2.0574 +/- 0.23837 L(0 - 5) 
mean_CB = -1.01409 +/- 0.072243 L(-50 - 1) 
n1_CB =  5.0000 +/- 4.1263 L(0 - 5) 
n2_CB =  2.9597 +/- 1.6431 L(0 - 20) 
sigma_CB =  2.0694 +/- 0.070558 L(0 - 500) 
