a1_CB =  0.97798 +/- 0.18304 L(0 - 5) 
a2_CB =  2.0050 +/- 0.22363 L(0 - 5) 
mean_CB = -0.890953 +/- 0.088490 L(-50 - 1) 
n1_CB =  5.0000 +/- 14.229 L(0 - 5) 
n2_CB =  3.2320 +/- 1.6308 L(0 - 20) 
sigma_CB =  1.7490 +/- 0.077783 L(0 - 500) 
