a1_CB =  1.0297 +/- 0.072854 L(0 - 5) 
a2_CB =  3.7020 +/- 0.39760 L(0 - 5) 
mean_CB = -1.58072 +/- 0.13922 L(-50 - 1) 
n1_CB =  5.0000 +/- 17.341 L(0 - 5) 
n2_CB =  0.0000073099 +/- 0.80181 L(0 - 20) 
sigma_CB =  3.1067 +/- 0.10853 L(0 - 500) 
