a1_CB =  1.3019 +/- 0.072152 L(0 - 5) 
a2_CB =  2.3720 +/- 0.44900 L(0 - 5) 
mean_CB = -0.324677 +/- 0.029866 L(-50 - 1) 
n1_CB =  2.2500 +/- 0.18321 L(0 - 5) 
n2_CB =  1.8377 +/- 1.0818 L(0 - 20) 
sigma_CB =  1.3542 +/- 0.047404 L(0 - 500) 
