a1_CB =  0.048773 +/- 0.20334 L(0 - 5) 
a2_CB =  0.063968 +/- 0.26680 L(0 - 5) 
mean_CB = -0.202371 +/- 0.024648 L(-50 - 1) 
n1_CB =  3.2819 +/- 0.16338 L(0 - 5) 
n2_CB =  6.8529 +/- 0.72769 L(0 - 20) 
sigma_CB =  0.042628 +/- 0.17830 L(0 - 500) 
