a1_CB =  1.3892 +/- 0.057639 L(0 - 5) 
a2_CB =  2.8019 +/- 0.15613 L(0 - 5) 
mean_CB = -0.219874 +/- 0.021729 L(-50 - 1) 
n1_CB =  1.7390 +/- 0.10655 L(0 - 5) 
n2_CB =  1.1036 +/- 0.27743 L(0 - 20) 
sigma_CB =  1.0023 +/- 0.017902 L(0 - 500) 
