a1_CB =  1.2269 +/- 0.19894 L(0 - 5) 
a2_CB =  2.6104 +/- 0.33572 L(0 - 5) 
mean_CB = -0.878229 +/- 0.091820 L(-50 - 1) 
n1_CB =  3.5745 +/- 1.5079 L(0 - 5) 
n2_CB =  1.1280 +/- 1.1108 L(0 - 20) 
sigma_CB =  1.8737 +/- 0.075078 L(0 - 500) 
