a1_CB =  1.3765 +/- 0.066828 L(0 - 5) 
a2_CB =  2.3814 +/- 0.17050 L(0 - 5) 
mean_CB = -0.221005 +/- 0.026422 L(-50 - 1) 
n1_CB =  2.0324 +/- 0.15140 L(0 - 5) 
n2_CB =  1.6692 +/- 0.39061 L(0 - 20) 
sigma_CB =  1.1802 +/- 0.025656 L(0 - 500) 
