a1_CB =  0.010528 +/- 0.073709 L(0 - 5) 
a2_CB =  0.010133 +/- 0.070939 L(0 - 5) 
mean_CB = -0.183052 +/- 0.028860 L(-50 - 1) 
n1_CB =  2.6860 +/- 0.12160 L(0 - 5) 
n2_CB =  9.0104 +/- 1.2839 L(0 - 20) 
sigma_CB =  0.0067253 +/- 0.047105 L(0 - 500) 
