a1_CB =  1.0325 +/- 0.050441 L(0 - 5) 
a2_CB =  2.3895 +/- 0.27007 L(0 - 5) 
mean_CB = -1.05028 +/- 0.072116 L(-50 - 1) 
n1_CB =  5.0000 +/- 0.30387 L(0 - 5) 
n2_CB =  2.5334 +/- 1.8683 L(0 - 20) 
sigma_CB =  2.1997 +/- 0.062307 L(0 - 500) 
