a1_CB =  1.0219 +/- 0.086739 L(0 - 5) 
a2_CB =  2.0082 +/- 0.19137 L(0 - 5) 
mean_CB = -0.615638 +/- 0.065900 L(-50 - 1) 
n1_CB =  3.8787 +/- 0.67402 L(0 - 5) 
n2_CB =  3.0042 +/- 1.0465 L(0 - 20) 
sigma_CB =  1.8219 +/- 0.064996 L(0 - 500) 
