a1_CB =  1.1377 +/- 0.10087 L(0 - 5) 
a2_CB =  1.9062 +/- 0.30144 L(0 - 5) 
mean_CB = -1.10651 +/- 0.13018 L(-50 - 1) 
n1_CB =  4.9999 +/- 19.251 L(0 - 5) 
n2_CB =  19.983 +/- 24.289 L(0 - 20) 
sigma_CB =  2.6380 +/- 0.12989 L(0 - 500) 
