a1_CB =  1.3647 +/- 0.075781 L(0 - 5) 
a2_CB =  2.2439 +/- 0.18081 L(0 - 5) 
mean_CB = -0.245402 +/- 0.032337 L(-50 - 1) 
n1_CB =  1.8051 +/- 0.15276 L(0 - 5) 
n2_CB =  2.0830 +/- 0.52276 L(0 - 20) 
sigma_CB =  1.1420 +/- 0.030080 L(0 - 500) 
