a1_CB =  1.0926 +/- 0.25107 L(0 - 5) 
a2_CB =  2.4641 +/- 0.26527 L(0 - 5) 
mean_CB = -0.895144 +/- 0.11828 L(-50 - 1) 
n1_CB =  3.8144 +/- 1.8120 L(0 - 5) 
n2_CB =  1.9618 +/- 1.1387 L(0 - 20) 
sigma_CB =  1.6988 +/- 0.094011 L(0 - 500) 
