a1_CB =  1.1934 +/- 0.12169 L(0 - 5) 
a2_CB =  2.5410 +/- 0.20620 L(0 - 5) 
mean_CB = -0.571225 +/- 0.072816 L(-50 - 1) 
n1_CB =  3.0325 +/- 0.60739 L(0 - 5) 
n2_CB =  1.2100 +/- 0.56150 L(0 - 20) 
sigma_CB =  1.8566 +/- 0.061335 L(0 - 500) 
