a1_CB =  1.0608 +/- 0.065078 L(0 - 5) 
a2_CB =  2.0189 +/- 0.12429 L(0 - 5) 
mean_CB = -0.538499 +/- 0.037102 L(-50 - 1) 
n1_CB =  3.5328 +/- 0.37623 L(0 - 5) 
n2_CB =  2.6634 +/- 0.52628 L(0 - 20) 
sigma_CB =  1.4356 +/- 0.037300 L(0 - 500) 
