a1_CB =  1.2332 +/- 0.081194 L(0 - 5) 
a2_CB =  2.5346 +/- 0.18194 L(0 - 5) 
mean_CB = -0.349520 +/- 0.041537 L(-50 - 1) 
n1_CB =  2.2722 +/- 0.21856 L(0 - 5) 
n2_CB =  1.3643 +/- 0.37224 L(0 - 20) 
sigma_CB =  1.3262 +/- 0.036766 L(0 - 500) 
