a1_CB =  0.054606 +/- 0.47471 L(0 - 5) 
a2_CB =  0.076504 +/- 0.66341 L(0 - 5) 
mean_CB = -0.251127 +/- 0.043760 L(-50 - 1) 
n1_CB =  5.0000 +/- 0.23972 L(0 - 5) 
n2_CB =  10.225 +/- 3.7641 L(0 - 20) 
sigma_CB =  0.059641 +/- 0.52355 L(0 - 500) 
