a1_CB =  1.0779 +/- 0.059377 L(0 - 5) 
a2_CB =  1.9773 +/- 0.24485 L(0 - 5) 
mean_CB = -1.09908 +/- 0.074412 L(-50 - 1) 
n1_CB =  5.0000 +/- 0.41025 L(0 - 5) 
n2_CB =  3.5980 +/- 2.4805 L(0 - 20) 
sigma_CB =  2.2216 +/- 0.073681 L(0 - 500) 
