a1_CB =  0.061914 +/- 0.74499 L(0 - 5) 
a2_CB =  0.071706 +/- 0.86479 L(0 - 5) 
mean_CB = -0.0972183 +/- 0.017586 L(-50 - 1) 
n1_CB =  2.8093 +/- 0.11722 L(0 - 5) 
n2_CB =  6.5137 +/- 0.66988 L(0 - 20) 
sigma_CB =  0.042336 +/- 0.51492 L(0 - 500) 
