a1_CB =  1.3913 +/- 0.079862 L(0 - 5) 
a2_CB =  2.2625 +/- 0.15025 L(0 - 5) 
mean_CB = -0.147045 +/- 0.024768 L(-50 - 1) 
n1_CB =  1.5395 +/- 0.11695 L(0 - 5) 
n2_CB =  1.3586 +/- 0.26162 L(0 - 20) 
sigma_CB =  0.77012 +/- 0.022672 L(0 - 500) 
