a1_CB =  0.47031 +/- 1.1227 L(0 - 5) 
a2_CB =  1.2609 +/- 0.56229 L(0 - 5) 
mean_CB = -1.01803 +/- 1.5965 L(-50 - 1) 
n1_CB =  3.9973 +/- 44.981 L(0 - 5) 
n2_CB =  6.2648 +/- 8.6738 L(0 - 20) 
sigma_CB =  2.5546 +/- 1.2294 L(0 - 500) 
