a1_CB =  0.84671 +/- 0.090625 L(0 - 5) 
a2_CB =  1.5228 +/- 0.19946 L(0 - 5) 
mean_CB = -1.58351 +/- 0.17568 L(-50 - 1) 
n1_CB =  5.0000 +/- 3.3106 L(0 - 5) 
n2_CB =  20.000 +/- 17.155 L(0 - 20) 
sigma_CB =  2.7734 +/- 0.21063 L(0 - 500) 
