a1_CB =  1.0054 +/- 0.045255 L(0 - 5) 
a2_CB =  4.8127 +/- 0.078863 L(0 - 5) 
mean_CB = -1.59494 +/- 0.091048 L(-50 - 1) 
n1_CB =  5.0000 +/- 3.1581 L(0 - 5) 
n2_CB =  4.0353 +/- 6.7540 L(0 - 20) 
sigma_CB =  3.2783 +/- 0.069658 L(0 - 500) 
