a1_CB =  1.2154 +/- 0.055568 L(0 - 5) 
a2_CB =  2.5910 +/- 0.11246 L(0 - 5) 
mean_CB = -0.336775 +/- 0.022208 L(-50 - 1) 
n1_CB =  2.2565 +/- 0.15262 L(0 - 5) 
n2_CB =  0.91408 +/- 0.18077 L(0 - 20) 
sigma_CB =  1.0207 +/- 0.019100 L(0 - 500) 
