a1_CB =  1.4306 +/- 0.093842 L(0 - 5) 
a2_CB =  2.3991 +/- 0.33375 L(0 - 5) 
mean_CB = -0.381660 +/- 0.039971 L(-50 - 1) 
n1_CB =  1.8198 +/- 0.19086 L(0 - 5) 
n2_CB =  1.6648 +/- 0.75374 L(0 - 20) 
sigma_CB =  1.3851 +/- 0.044669 L(0 - 500) 
