a1_CB =  1.1566 +/- 0.069474 L(0 - 5) 
a2_CB =  2.4985 +/- 0.20871 L(0 - 5) 
mean_CB = -0.578186 +/- 0.039674 L(-50 - 1) 
n1_CB =  3.0435 +/- 0.33572 L(0 - 5) 
n2_CB =  1.3936 +/- 0.51870 L(0 - 20) 
sigma_CB =  1.6621 +/- 0.037715 L(0 - 500) 
