a1_CB =  0.54284 +/- 0.069139 L(0 - 5) 
a2_CB =  1.0996 +/- 0.15341 L(0 - 5) 
mean_CB = -0.531482 +/- 0.11465 L(-50 - 1) 
n1_CB =  3.6861 +/- 0.62479 L(0 - 5) 
n2_CB =  7.0222 +/- 2.4471 L(0 - 20) 
sigma_CB =  1.8990 +/- 0.18595 L(0 - 500) 
