a1_CB =  1.1066 +/- 0.095517 L(0 - 5) 
a2_CB =  2.6747 +/- 0.60867 L(0 - 5) 
mean_CB = -0.906403 +/- 0.11323 L(-50 - 1) 
n1_CB =  5.0000 +/- 0.78373 L(0 - 5) 
n2_CB =  1.2206 +/- 2.4199 L(0 - 20) 
sigma_CB =  2.0837 +/- 0.094990 L(0 - 500) 
