a1_CB =  0.98060 +/- 1.2084 L(0 - 5) 
a2_CB =  2.1190 +/- 0.69001 L(0 - 5) 
mean_CB = -0.729175 +/- 0.32865 L(-50 - 1) 
n1_CB =  5.0000 +/- 69.646 L(0 - 5) 
n2_CB =  3.2462 +/- 5.1267 L(0 - 20) 
sigma_CB =  1.8116 +/- 0.21702 L(0 - 500) 
