a1_CB =  1.3685 +/- 0.10620 L(0 - 5) 
a2_CB =  2.4146 +/- 0.23238 L(0 - 5) 
mean_CB = -0.255030 +/- 0.045426 L(-50 - 1) 
n1_CB =  2.1582 +/- 0.26645 L(0 - 5) 
n2_CB =  2.0823 +/- 0.75620 L(0 - 20) 
sigma_CB =  1.3583 +/- 0.040810 L(0 - 500) 
