a1_CB =  1.3693 +/- 0.095970 L(0 - 5) 
a2_CB =  2.2781 +/- 0.18589 L(0 - 5) 
mean_CB = -0.237557 +/- 0.033398 L(-50 - 1) 
n1_CB =  1.6626 +/- 0.15238 L(0 - 5) 
n2_CB =  1.9721 +/- 0.49223 L(0 - 20) 
sigma_CB =  0.96647 +/- 0.031819 L(0 - 500) 
