a1_CB =  1.1584 +/- 0.12719 L(0 - 5) 
a2_CB =  2.6946 +/- 0.35434 L(0 - 5) 
mean_CB = -0.541997 +/- 0.077231 L(-50 - 1) 
n1_CB =  3.7473 +/- 0.92498 L(0 - 5) 
n2_CB =  2.8821 +/- 2.4436 L(0 - 20) 
sigma_CB =  1.9949 +/- 0.061970 L(0 - 500) 
