a1_CB =  1.3195 +/- 0.060745 L(0 - 5) 
a2_CB =  2.1252 +/- 0.15581 L(0 - 5) 
mean_CB = -0.175020 +/- 0.021999 L(-50 - 1) 
n1_CB =  1.8434 +/- 0.11503 L(0 - 5) 
n2_CB =  1.9777 +/- 0.37780 L(0 - 20) 
sigma_CB =  0.95199 +/- 0.023876 L(0 - 500) 
