a1_CB =  1.1232 +/- 0.10021 L(0 - 5) 
a2_CB =  1.6133 +/- 0.20580 L(0 - 5) 
mean_CB = -0.479750 +/- 0.060000 L(-50 - 1) 
n1_CB =  2.9158 +/- 0.38515 L(0 - 5) 
n2_CB =  4.5093 +/- 1.5710 L(0 - 20) 
sigma_CB =  1.7036 +/- 0.083132 L(0 - 500) 
