a1_CB =  1.3902 +/- 0.094848 L(0 - 5) 
a2_CB =  2.3622 +/- 0.16405 L(0 - 5) 
mean_CB = -0.261958 +/- 0.040290 L(-50 - 1) 
n1_CB =  1.9014 +/- 0.20215 L(0 - 5) 
n2_CB =  1.6914 +/- 0.43355 L(0 - 20) 
sigma_CB =  1.3095 +/- 0.035165 L(0 - 500) 
