a1_CB =  0.51182 +/- 0.067774 L(0 - 5) 
a2_CB =  0.93599 +/- 0.13495 L(0 - 5) 
mean_CB = -0.329955 +/- 0.078169 L(-50 - 1) 
n1_CB =  3.5124 +/- 0.45322 L(0 - 5) 
n2_CB =  9.7609 +/- 3.4533 L(0 - 20) 
sigma_CB =  1.4299 +/- 0.15541 L(0 - 500) 
