a1_CB =  1.1864 +/- 0.085129 L(0 - 5) 
a2_CB =  1.6714 +/- 0.19628 L(0 - 5) 
mean_CB = -0.419847 +/- 0.040968 L(-50 - 1) 
n1_CB =  2.7529 +/- 0.27876 L(0 - 5) 
n2_CB =  4.8542 +/- 1.5593 L(0 - 20) 
sigma_CB =  1.5824 +/- 0.064656 L(0 - 500) 
