a1_CB =  0.93477 +/- 0.10171 L(0 - 5) 
a2_CB =  1.7820 +/- 0.19867 L(0 - 5) 
mean_CB = -0.694701 +/- 0.076373 L(-50 - 1) 
n1_CB =  4.1513 +/- 0.78467 L(0 - 5) 
n2_CB =  5.2275 +/- 2.0388 L(0 - 20) 
sigma_CB =  1.7675 +/- 0.084915 L(0 - 500) 
