a1_CB =  1.3670 +/- 0.059328 L(0 - 5) 
a2_CB =  2.4380 +/- 0.14086 L(0 - 5) 
mean_CB = -0.251796 +/- 0.023736 L(-50 - 1) 
n1_CB =  1.9433 +/- 0.13164 L(0 - 5) 
n2_CB =  1.5433 +/- 0.31348 L(0 - 20) 
sigma_CB =  1.1145 +/- 0.021026 L(0 - 500) 
