a1_CB =  0.99840 +/- 0.11384 L(0 - 5) 
a2_CB =  2.2144 +/- 0.37839 L(0 - 5) 
mean_CB = -0.543080 +/- 0.052617 L(-50 - 1) 
n1_CB =  3.2613 +/- 0.57606 L(0 - 5) 
n2_CB =  1.8736 +/- 1.0969 L(0 - 20) 
sigma_CB =  1.1592 +/- 0.061842 L(0 - 500) 
