a1_CB =  1.4557 +/- 0.075001 L(0 - 5) 
a2_CB =  2.4391 +/- 0.18094 L(0 - 5) 
mean_CB = -0.273646 +/- 0.028715 L(-50 - 1) 
n1_CB =  1.6151 +/- 0.12590 L(0 - 5) 
n2_CB =  1.5420 +/- 0.38126 L(0 - 20) 
sigma_CB =  1.0802 +/- 0.026295 L(0 - 500) 
