a1_CB =  1.4584 +/- 0.080165 L(0 - 5) 
a2_CB =  2.6042 +/- 0.27978 L(0 - 5) 
mean_CB = -0.271907 +/- 0.028011 L(-50 - 1) 
n1_CB =  1.5999 +/- 0.13172 L(0 - 5) 
n2_CB =  1.4379 +/- 0.55605 L(0 - 20) 
sigma_CB =  1.0112 +/- 0.025307 L(0 - 500) 
