a1_CB =  1.5493 +/- 0.12124 L(0 - 5) 
a2_CB =  1.8158 +/- 0.17982 L(0 - 5) 
mean_CB = -0.234976 +/- 0.048881 L(-50 - 1) 
n1_CB =  2.1347 +/- 0.32711 L(0 - 5) 
n2_CB =  3.6450 +/- 1.1476 L(0 - 20) 
sigma_CB =  1.6372 +/- 0.051554 L(0 - 500) 
