a1_CB =  1.3202 +/- 0.074124 L(0 - 5) 
a2_CB =  2.3503 +/- 0.20081 L(0 - 5) 
mean_CB = -0.253124 +/- 0.032496 L(-50 - 1) 
n1_CB =  1.8113 +/- 0.14491 L(0 - 5) 
n2_CB =  1.3415 +/- 0.36620 L(0 - 20) 
sigma_CB =  1.1597 +/- 0.031794 L(0 - 500) 
