a1_CB =  0.58095 +/- 0.069352 L(0 - 5) 
a2_CB =  1.0825 +/- 0.12808 L(0 - 5) 
mean_CB = -0.438877 +/- 0.095990 L(-50 - 1) 
n1_CB =  3.5761 +/- 0.60987 L(0 - 5) 
n2_CB =  9.1168 +/- 3.2084 L(0 - 20) 
sigma_CB =  1.7446 +/- 0.15188 L(0 - 500) 
