a1_CB =  1.0597 +/- 0.055355 L(0 - 5) 
a2_CB =  2.5860 +/- 0.17086 L(0 - 5) 
mean_CB = -0.552474 +/- 0.037830 L(-50 - 1) 
n1_CB =  3.0952 +/- 0.29926 L(0 - 5) 
n2_CB =  1.2409 +/- 0.39791 L(0 - 20) 
sigma_CB =  1.6481 +/- 0.032970 L(0 - 500) 
