a1_CB =  1.0164 +/- 0.088041 L(0 - 5) 
a2_CB =  2.1200 +/- 0.23504 L(0 - 5) 
mean_CB = -0.796896 +/- 0.057678 L(-50 - 1) 
n1_CB =  4.4580 +/- 0.91739 L(0 - 5) 
n2_CB =  2.7633 +/- 1.3394 L(0 - 20) 
sigma_CB =  1.5773 +/- 0.053588 L(0 - 500) 
