a1_CB =  1.4087 +/- 0.092735 L(0 - 5) 
a2_CB =  2.8882 +/- 0.22106 L(0 - 5) 
mean_CB = -0.0625482 +/- 0.036887 L(-50 - 1) 
n1_CB =  1.9544 +/- 0.20826 L(0 - 5) 
n2_CB =  0.89311 +/- 0.37543 L(0 - 20) 
sigma_CB =  1.1466 +/- 0.030095 L(0 - 500) 
