a1_CB =  1.1264 +/- 0.089928 L(0 - 5) 
a2_CB =  2.8904 +/- 0.21429 L(0 - 5) 
mean_CB = -0.410078 +/- 0.046796 L(-50 - 1) 
n1_CB =  2.9236 +/- 0.39500 L(0 - 5) 
n2_CB =  0.71456 +/- 0.36380 L(0 - 20) 
sigma_CB =  1.3222 +/- 0.037553 L(0 - 500) 
