a1_CB =  1.4086 +/- 0.070521 L(0 - 5) 
a2_CB =  2.1457 +/- 0.15913 L(0 - 5) 
mean_CB = -0.305447 +/- 0.028101 L(-50 - 1) 
n1_CB =  1.8900 +/- 0.14886 L(0 - 5) 
n2_CB =  2.5585 +/- 0.56877 L(0 - 20) 
sigma_CB =  1.2961 +/- 0.029357 L(0 - 500) 
