a1_CB =  1.4493 +/- 0.085783 L(0 - 5) 
a2_CB =  3.0448 +/- 0.24537 L(0 - 5) 
mean_CB = -0.133915 +/- 0.032674 L(-50 - 1) 
n1_CB =  1.7079 +/- 0.16000 L(0 - 5) 
n2_CB =  0.87338 +/- 0.41285 L(0 - 20) 
sigma_CB =  1.0626 +/- 0.026579 L(0 - 500) 
