a1_CB =  1.0288 +/- 0.063028 L(0 - 5) 
a2_CB =  3.1833 +/- 0.16327 L(0 - 5) 
mean_CB = -1.51447 +/- 0.11310 L(-50 - 1) 
n1_CB =  5.0000 +/- 0.89245 L(0 - 5) 
n2_CB =  0.000023535 +/- 0.33140 L(0 - 20) 
sigma_CB =  3.0216 +/- 0.089608 L(0 - 500) 
