a1_CB =  1.3108 +/- 0.075803 L(0 - 5) 
a2_CB =  1.9648 +/- 0.13502 L(0 - 5) 
mean_CB = -0.469840 +/- 0.037220 L(-50 - 1) 
n1_CB =  2.2683 +/- 0.20763 L(0 - 5) 
n2_CB =  2.7732 +/- 0.55276 L(0 - 20) 
sigma_CB =  1.5799 +/- 0.040617 L(0 - 500) 
