a1_CB =  1.0706 +/- 0.062311 L(0 - 5) 
a2_CB =  2.3081 +/- 0.12378 L(0 - 5) 
mean_CB = -0.595877 +/- 0.039331 L(-50 - 1) 
n1_CB =  3.4092 +/- 0.38016 L(0 - 5) 
n2_CB =  2.0293 +/- 0.45700 L(0 - 20) 
sigma_CB =  1.6297 +/- 0.034042 L(0 - 500) 
