a1_CB =  1.1876 +/- 0.099382 L(0 - 5) 
a2_CB =  2.5271 +/- 0.21861 L(0 - 5) 
mean_CB = -0.389993 +/- 0.050834 L(-50 - 1) 
n1_CB =  2.5020 +/- 0.35130 L(0 - 5) 
n2_CB =  0.99610 +/- 0.42937 L(0 - 20) 
sigma_CB =  1.4106 +/- 0.045051 L(0 - 500) 
