a1_CB =  0.93661 +/- 0.050806 L(0 - 5) 
a2_CB =  1.7740 +/- 0.11860 L(0 - 5) 
mean_CB = -0.605605 +/- 0.046600 L(-50 - 1) 
n1_CB =  4.4341 +/- 0.45623 L(0 - 5) 
n2_CB =  3.9791 +/- 0.90693 L(0 - 20) 
sigma_CB =  1.8005 +/- 0.051398 L(0 - 500) 
