a1_CB =  0.88878 +/- 0.089968 L(0 - 5) 
a2_CB =  1.4838 +/- 0.30500 L(0 - 5) 
mean_CB = -0.459489 +/- 0.074176 L(-50 - 1) 
n1_CB =  5.0000 +/- 1.6258 L(0 - 5) 
n2_CB =  10.944 +/- 7.9349 L(0 - 20) 
sigma_CB =  1.8642 +/- 0.12349 L(0 - 500) 
