a1_CB =  1.3972 +/- 0.070580 L(0 - 5) 
a2_CB =  2.1078 +/- 0.16722 L(0 - 5) 
mean_CB = -0.350831 +/- 0.029618 L(-50 - 1) 
n1_CB =  1.9993 +/- 0.15896 L(0 - 5) 
n2_CB =  2.2443 +/- 0.50647 L(0 - 20) 
sigma_CB =  1.3615 +/- 0.032799 L(0 - 500) 
