a1_CB =  1.3771 +/- 0.083130 L(0 - 5) 
a2_CB =  2.8686 +/- 0.26336 L(0 - 5) 
mean_CB = -0.467936 +/- 0.045138 L(-50 - 1) 
n1_CB =  2.0453 +/- 0.21272 L(0 - 5) 
n2_CB =  1.0535 +/- 0.51755 L(0 - 20) 
sigma_CB =  1.6230 +/- 0.037437 L(0 - 500) 
