a1_CB =  1.0570 +/- 0.19539 L(0 - 5) 
a2_CB =  2.1358 +/- 0.31797 L(0 - 5) 
mean_CB = -1.24609 +/- 0.13360 L(-50 - 1) 
n1_CB =  3.3382 +/- 1.5173 L(0 - 5) 
n2_CB =  3.5158 +/- 3.2455 L(0 - 20) 
sigma_CB =  2.4063 +/- 0.11361 L(0 - 500) 
