a1_CB =  1.2064 +/- 0.15093 L(0 - 5) 
a2_CB =  2.6129 +/- 0.33736 L(0 - 5) 
mean_CB = -0.712204 +/- 0.063637 L(-50 - 1) 
n1_CB =  2.6846 +/- 0.63286 L(0 - 5) 
n2_CB =  1.5771 +/- 1.1275 L(0 - 20) 
sigma_CB =  1.4054 +/- 0.052034 L(0 - 500) 
