a1_CB =  1.4401 +/- 0.079407 L(0 - 5) 
a2_CB =  2.4175 +/- 0.42725 L(0 - 5) 
mean_CB = -0.271834 +/- 0.028127 L(-50 - 1) 
n1_CB =  1.6646 +/- 0.13308 L(0 - 5) 
n2_CB =  1.4454 +/- 0.76603 L(0 - 20) 
sigma_CB =  1.0138 +/- 0.037713 L(0 - 500) 
