a1_CB =  1.3009 +/- 0.084288 L(0 - 5) 
a2_CB =  2.4236 +/- 0.15085 L(0 - 5) 
mean_CB = -0.556555 +/- 0.035055 L(-50 - 1) 
n1_CB =  2.0135 +/- 0.19719 L(0 - 5) 
n2_CB =  1.4354 +/- 0.33865 L(0 - 20) 
sigma_CB =  1.2638 +/- 0.032342 L(0 - 500) 
