a1_CB =  1.1848 +/- 0.096186 L(0 - 5) 
a2_CB =  2.6664 +/- 0.22894 L(0 - 5) 
mean_CB = -0.808436 +/- 0.049323 L(-50 - 1) 
n1_CB =  2.8243 +/- 0.51653 L(0 - 5) 
n2_CB =  0.96240 +/- 0.57568 L(0 - 20) 
sigma_CB =  1.5963 +/- 0.040662 L(0 - 500) 
