a1_CB =  1.2909 +/- 0.068014 L(0 - 5) 
a2_CB =  2.2068 +/- 0.11790 L(0 - 5) 
mean_CB = -0.545586 +/- 0.029025 L(-50 - 1) 
n1_CB =  2.2659 +/- 0.20275 L(0 - 5) 
n2_CB =  2.0580 +/- 0.40965 L(0 - 20) 
sigma_CB =  1.3670 +/- 0.026552 L(0 - 500) 
