a1_CB =  0.14559 +/- 0.22045 L(0 - 5) 
a2_CB =  0.22704 +/- 0.35391 L(0 - 5) 
mean_CB = -0.107896 +/- 0.091509 L(-50 - 1) 
n1_CB =  4.9512 +/- 6.2989 L(0 - 5) 
n2_CB =  20.000 +/- 14.024 L(0 - 20) 
sigma_CB =  0.43199 +/- 0.68421 L(0 - 500) 
