a1_CB =  1.0945 +/- 0.18991 L(0 - 5) 
a2_CB =  2.2564 +/- 0.31395 L(0 - 5) 
mean_CB = -0.667800 +/- 0.10108 L(-50 - 1) 
n1_CB =  4.1301 +/- 1.4597 L(0 - 5) 
n2_CB =  2.0929 +/- 1.4961 L(0 - 20) 
sigma_CB =  1.5523 +/- 0.088263 L(0 - 500) 
