a1_CB =  0.49087 +/- 0.10314 L(0 - 5) 
a2_CB =  0.93032 +/- 0.18541 L(0 - 5) 
mean_CB = -0.519903 +/- 0.14451 L(-50 - 1) 
n1_CB =  3.5634 +/- 0.70822 L(0 - 5) 
n2_CB =  11.786 +/- 5.6865 L(0 - 20) 
sigma_CB =  1.6032 +/- 0.26528 L(0 - 500) 
