a1_CB =  1.2438 +/- 0.14270 L(0 - 5) 
a2_CB =  2.6388 +/- 0.16685 L(0 - 5) 
mean_CB = -0.783219 +/- 0.059326 L(-50 - 1) 
n1_CB =  2.2171 +/- 0.44461 L(0 - 5) 
n2_CB =  1.0347 +/- 0.36266 L(0 - 20) 
sigma_CB =  1.3812 +/- 0.051180 L(0 - 500) 
