a1_CB =  1.4571 +/- 0.087649 L(0 - 5) 
a2_CB =  2.4735 +/- 0.18276 L(0 - 5) 
mean_CB = -0.327502 +/- 0.036004 L(-50 - 1) 
n1_CB =  1.6804 +/- 0.16149 L(0 - 5) 
n2_CB =  1.5440 +/- 0.41513 L(0 - 20) 
sigma_CB =  1.2934 +/- 0.032127 L(0 - 500) 
