a1_CB =  1.1116 +/- 0.061447 L(0 - 5) 
a2_CB =  1.5976 +/- 0.10887 L(0 - 5) 
mean_CB = -0.361970 +/- 0.037127 L(-50 - 1) 
n1_CB =  2.9086 +/- 0.25251 L(0 - 5) 
n2_CB =  4.5427 +/- 0.94382 L(0 - 20) 
sigma_CB =  1.5058 +/- 0.042744 L(0 - 500) 
