a1_CB =  1.3387 +/- 0.098194 L(0 - 5) 
a2_CB =  2.4427 +/- 0.34941 L(0 - 5) 
mean_CB = -0.738761 +/- 0.049101 L(-50 - 1) 
n1_CB =  2.2529 +/- 0.29889 L(0 - 5) 
n2_CB =  2.3188 +/- 1.3175 L(0 - 20) 
sigma_CB =  1.8517 +/- 0.053629 L(0 - 500) 
