a1_CB =  0.0041532 +/- 0.040866 L(0 - 5) 
a2_CB =  0.0041473 +/- 0.040833 L(0 - 5) 
mean_CB = -0.164192 +/- 0.033000 L(-50 - 1) 
n1_CB =  2.2718 +/- 0.11047 L(0 - 5) 
n2_CB =  7.5625 +/- 1.2505 L(0 - 20) 
sigma_CB =  0.0024590 +/- 0.024211 L(0 - 500) 
