a1_CB =  0.97792 +/- 0.070337 L(0 - 5) 
a2_CB =  1.7298 +/- 0.17000 L(0 - 5) 
mean_CB = -0.703825 +/- 0.056614 L(-50 - 1) 
n1_CB =  3.9614 +/- 0.53261 L(0 - 5) 
n2_CB =  7.2854 +/- 3.2165 L(0 - 20) 
sigma_CB =  2.0087 +/- 0.066820 L(0 - 500) 
