a1_CB =  1.1054 +/- 0.26381 L(0 - 5) 
a2_CB =  2.7038 +/- 0.32310 L(0 - 5) 
mean_CB = -1.31216 +/- 0.12281 L(-50 - 1) 
n1_CB =  4.9995 +/- 7.6218 L(0 - 5) 
n2_CB =  1.1191 +/- 1.1792 L(0 - 20) 
sigma_CB =  2.3642 +/- 0.093064 L(0 - 500) 
