a1_CB =  1.1359 +/- 0.060226 L(0 - 5) 
a2_CB =  2.1733 +/- 0.22741 L(0 - 5) 
mean_CB = -0.671668 +/- 0.038241 L(-50 - 1) 
n1_CB =  3.1262 +/- 0.31579 L(0 - 5) 
n2_CB =  3.6151 +/- 1.4660 L(0 - 20) 
sigma_CB =  1.7723 +/- 0.040917 L(0 - 500) 
