a1_CB =  1.4062 +/- 0.064072 L(0 - 5) 
a2_CB =  2.2784 +/- 0.17012 L(0 - 5) 
mean_CB = -0.209584 +/- 0.022338 L(-50 - 1) 
n1_CB =  1.7189 +/- 0.11157 L(0 - 5) 
n2_CB =  1.6246 +/- 0.33916 L(0 - 20) 
sigma_CB =  1.0100 +/- 0.024717 L(0 - 500) 
