a1_CB =  1.5124 +/- 0.087755 L(0 - 5) 
a2_CB =  2.0308 +/- 0.16658 L(0 - 5) 
mean_CB = -0.312197 +/- 0.035019 L(-50 - 1) 
n1_CB =  1.4941 +/- 0.14009 L(0 - 5) 
n2_CB =  2.8316 +/- 0.69134 L(0 - 20) 
sigma_CB =  1.2495 +/- 0.035387 L(0 - 500) 
