a1_CB =  1.4535 +/- 0.094461 L(0 - 5) 
a2_CB =  2.4069 +/- 0.18679 L(0 - 5) 
mean_CB = -0.375400 +/- 0.036727 L(-50 - 1) 
n1_CB =  1.7039 +/- 0.16822 L(0 - 5) 
n2_CB =  1.5361 +/- 0.40425 L(0 - 20) 
sigma_CB =  1.2240 +/- 0.034494 L(0 - 500) 
