a1_CB =  1.4331 +/- 0.087483 L(0 - 5) 
a2_CB =  2.6253 +/- 0.23565 L(0 - 5) 
mean_CB = -0.238197 +/- 0.036145 L(-50 - 1) 
n1_CB =  2.0501 +/- 0.21532 L(0 - 5) 
n2_CB =  1.2357 +/- 0.46607 L(0 - 20) 
sigma_CB =  1.2559 +/- 0.031212 L(0 - 500) 
