a1_CB =  1.0024 +/- 0.16302 L(0 - 5) 
a2_CB =  2.4264 +/- 0.28884 L(0 - 5) 
mean_CB = -0.898456 +/- 0.084883 L(-50 - 1) 
n1_CB =  4.9997 +/- 6.4765 L(0 - 5) 
n2_CB =  1.2538 +/- 0.90003 L(0 - 20) 
sigma_CB =  1.8528 +/- 0.068591 L(0 - 500) 
