a1_CB =  0.99242 +/- 0.065421 L(0 - 5) 
a2_CB =  3.0258 +/- 0.36016 L(0 - 5) 
mean_CB = -0.756362 +/- 0.056102 L(-50 - 1) 
n1_CB =  3.8681 +/- 0.53217 L(0 - 5) 
n2_CB =  0.94637 +/- 0.77272 L(0 - 20) 
sigma_CB =  1.9354 +/- 0.045655 L(0 - 500) 
