a1_CB =  1.3024 +/- 0.052553 L(0 - 5) 
a2_CB =  2.4502 +/- 0.11035 L(0 - 5) 
mean_CB = -0.183866 +/- 0.018662 L(-50 - 1) 
n1_CB =  1.7193 +/- 0.092947 L(0 - 5) 
n2_CB =  1.0862 +/- 0.16705 L(0 - 20) 
sigma_CB =  0.82781 +/- 0.016278 L(0 - 500) 
