a1_CB =  1.0786 +/- 0.19894 L(0 - 5) 
a2_CB =  2.0410 +/- 0.23000 L(0 - 5) 
mean_CB = -0.937967 +/- 0.095265 L(-50 - 1) 
n1_CB =  4.2095 +/- 1.5722 L(0 - 5) 
n2_CB =  4.5751 +/- 2.9355 L(0 - 20) 
sigma_CB =  1.8859 +/- 0.082731 L(0 - 500) 
