a1_CB =  1.3472 +/- 0.076848 L(0 - 5) 
a2_CB =  2.4878 +/- 0.31540 L(0 - 5) 
mean_CB = -0.808705 +/- 0.041112 L(-50 - 1) 
n1_CB =  2.0756 +/- 0.21669 L(0 - 5) 
n2_CB =  1.6394 +/- 0.85556 L(0 - 20) 
sigma_CB =  1.7417 +/- 0.043238 L(0 - 500) 
