a1_CB =  0.039958 +/- 0.48327 L(0 - 5) 
a2_CB =  0.057829 +/- 0.69817 L(0 - 5) 
mean_CB =  0.060045 +/- 0.026422 L(-50 - 1) 
n1_CB =  2.4948 +/- 0.13121 L(0 - 5) 
n2_CB =  4.2420 +/- 0.43185 L(0 - 20) 
sigma_CB =  0.024585 +/- 0.29957 L(0 - 500) 
