a1_CB =  0.99555 +/- 0.080670 L(0 - 5) 
a2_CB =  2.5317 +/- 0.24103 L(0 - 5) 
mean_CB = -0.392178 +/- 0.056478 L(-50 - 1) 
n1_CB =  3.9334 +/- 0.66001 L(0 - 5) 
n2_CB =  1.4685 +/- 0.66199 L(0 - 20) 
sigma_CB =  1.5146 +/- 0.047639 L(0 - 500) 
