a1_CB =  1.3156 +/- 0.10462 L(0 - 5) 
a2_CB =  2.5499 +/- 0.21543 L(0 - 5) 
mean_CB = -0.672653 +/- 0.038622 L(-50 - 1) 
n1_CB =  2.7550 +/- 0.47348 L(0 - 5) 
n2_CB =  1.1420 +/- 0.51757 L(0 - 20) 
sigma_CB =  1.3736 +/- 0.034448 L(0 - 500) 
