a1_CB =  0.87837 +/- 0.13174 L(0 - 5) 
a2_CB =  1.3597 +/- 0.23511 L(0 - 5) 
mean_CB = -0.920156 +/- 0.18503 L(-50 - 1) 
n1_CB =  5.0000 +/- 3.5379 L(0 - 5) 
n2_CB =  20.000 +/- 19.623 L(0 - 20) 
sigma_CB =  2.4507 +/- 0.27327 L(0 - 500) 
