a1_CB =  1.0592 +/- 0.11566 L(0 - 5) 
a2_CB =  2.8545 +/- 0.29795 L(0 - 5) 
mean_CB = -0.691068 +/- 0.067768 L(-50 - 1) 
n1_CB =  3.7731 +/- 0.85101 L(0 - 5) 
n2_CB =  0.59005 +/- 0.56773 L(0 - 20) 
sigma_CB =  1.5533 +/- 0.053911 L(0 - 500) 
