a1_CB =  0.013935 +/- 0.080116 L(0 - 5) 
a2_CB =  0.018160 +/- 0.10432 L(0 - 5) 
mean_CB =  0.0070296 +/- 0.024383 L(-50 - 1) 
n1_CB =  2.4770 +/- 0.094112 L(0 - 5) 
n2_CB =  5.3707 +/- 0.48630 L(0 - 20) 
sigma_CB =  0.0091315 +/- 0.052510 L(0 - 500) 
