a1_CB =  0.052158 +/- 0.18653 L(0 - 5) 
a2_CB =  0.090236 +/- 0.32299 L(0 - 5) 
mean_CB = -0.0702643 +/- 0.034725 L(-50 - 1) 
n1_CB =  4.5604 +/- 0.31897 L(0 - 5) 
n2_CB =  7.4486 +/- 1.0129 L(0 - 20) 
sigma_CB =  0.065344 +/- 0.23454 L(0 - 500) 
