a1_CB =  1.2298 +/- 0.082666 L(0 - 5) 
a2_CB =  2.9531 +/- 0.22155 L(0 - 5) 
mean_CB = -0.416636 +/- 0.036328 L(-50 - 1) 
n1_CB =  2.4093 +/- 0.27159 L(0 - 5) 
n2_CB =  0.61975 +/- 0.33866 L(0 - 20) 
sigma_CB =  1.1722 +/- 0.029277 L(0 - 500) 
