a1_CB =  0.84723 +/- 0.081829 L(0 - 5) 
a2_CB =  2.1061 +/- 0.34987 L(0 - 5) 
mean_CB = -0.702583 +/- 0.12340 L(-50 - 1) 
n1_CB =  5.0000 +/- 0.81418 L(0 - 5) 
n2_CB =  1.7800 +/- 1.3108 L(0 - 20) 
sigma_CB =  1.7991 +/- 0.12186 L(0 - 500) 
