a1_CB =  1.1835 +/- 0.083362 L(0 - 5) 
a2_CB =  2.5333 +/- 0.17713 L(0 - 5) 
mean_CB = -0.741421 +/- 0.047165 L(-50 - 1) 
n1_CB =  2.6013 +/- 0.31178 L(0 - 5) 
n2_CB =  1.6911 +/- 0.53859 L(0 - 20) 
sigma_CB =  1.6084 +/- 0.040412 L(0 - 500) 
