a1_CB =  1.4060 +/- 0.065827 L(0 - 5) 
a2_CB =  2.3333 +/- 0.14292 L(0 - 5) 
mean_CB = -0.271014 +/- 0.026599 L(-50 - 1) 
n1_CB =  1.8600 +/- 0.13566 L(0 - 5) 
n2_CB =  1.8534 +/- 0.36761 L(0 - 20) 
sigma_CB =  1.2198 +/- 0.025167 L(0 - 500) 
