a1_CB =  1.0574 +/- 1.1283 L(0 - 5) 
a2_CB =  2.7909 +/- 0.28590 L(0 - 5) 
mean_CB = -0.969015 +/- 0.38691 L(-50 - 1) 
n1_CB =  4.6217 +/- 28.740 L(0 - 5) 
n2_CB =  0.95003 +/- 0.94019 L(0 - 20) 
sigma_CB =  2.0552 +/- 0.24614 L(0 - 500) 
