a1_CB =  1.2339 +/- 0.077155 L(0 - 5) 
a2_CB =  2.6398 +/- 0.23630 L(0 - 5) 
mean_CB = -0.427390 +/- 0.035889 L(-50 - 1) 
n1_CB =  2.1268 +/- 0.20161 L(0 - 5) 
n2_CB =  1.1504 +/- 0.46138 L(0 - 20) 
sigma_CB =  1.2228 +/- 0.032261 L(0 - 500) 
