a1_CB =  0.98668 +/- 0.11083 L(0 - 5) 
a2_CB =  1.6152 +/- 0.22589 L(0 - 5) 
mean_CB = -0.811566 +/- 0.075433 L(-50 - 1) 
n1_CB =  3.1147 +/- 0.62508 L(0 - 5) 
n2_CB =  8.2455 +/- 5.7919 L(0 - 20) 
sigma_CB =  1.5894 +/- 0.084258 L(0 - 500) 
