a1_CB =  0.85138 +/- 0.068901 L(0 - 5) 
a2_CB =  2.0483 +/- 0.20590 L(0 - 5) 
mean_CB = -0.664426 +/- 0.077428 L(-50 - 1) 
n1_CB =  4.1442 +/- 0.67747 L(0 - 5) 
n2_CB =  3.2409 +/- 1.2131 L(0 - 20) 
sigma_CB =  2.0473 +/- 0.074391 L(0 - 500) 
