a1_CB =  1.3129 +/- 0.082832 L(0 - 5) 
a2_CB =  2.4508 +/- 0.24319 L(0 - 5) 
mean_CB = -0.146381 +/- 0.031572 L(-50 - 1) 
n1_CB =  1.8981 +/- 0.16881 L(0 - 5) 
n2_CB =  2.0602 +/- 0.70851 L(0 - 20) 
sigma_CB =  0.96805 +/- 0.027937 L(0 - 500) 
