a1_CB =  1.1441 +/- 0.057663 L(0 - 5) 
a2_CB =  2.3133 +/- 0.14260 L(0 - 5) 
mean_CB = -0.396083 +/- 0.026826 L(-50 - 1) 
n1_CB =  2.5199 +/- 0.18620 L(0 - 5) 
n2_CB =  1.6423 +/- 0.35025 L(0 - 20) 
sigma_CB =  1.1448 +/- 0.025479 L(0 - 500) 
