a1_CB =  1.1203 +/- 0.084020 L(0 - 5) 
a2_CB =  2.3117 +/- 0.29403 L(0 - 5) 
mean_CB = -1.14046 +/- 0.10136 L(-50 - 1) 
n1_CB =  5.0000 +/- 0.61498 L(0 - 5) 
n2_CB =  1.8122 +/- 1.4225 L(0 - 20) 
sigma_CB =  2.2111 +/- 0.091399 L(0 - 500) 
