a1_CB =  0.62892 +/- 0.067829 L(0 - 5) 
a2_CB =  1.2239 +/- 0.13168 L(0 - 5) 
mean_CB = -1.31634 +/- 0.16725 L(-50 - 1) 
n1_CB =  4.9999 +/- 3.9281 L(0 - 5) 
n2_CB =  20.000 +/- 21.124 L(0 - 20) 
sigma_CB =  2.8346 +/- 0.21882 L(0 - 500) 
