a1_CB =  1.4616 +/- 0.10107 L(0 - 5) 
a2_CB =  2.5147 +/- 0.25103 L(0 - 5) 
mean_CB = -0.276831 +/- 0.036133 L(-50 - 1) 
n1_CB =  1.8604 +/- 0.19983 L(0 - 5) 
n2_CB =  1.7377 +/- 0.62412 L(0 - 20) 
sigma_CB =  1.1300 +/- 0.033420 L(0 - 500) 
