a1_CB =  1.4074 +/- 0.087310 L(0 - 5) 
a2_CB =  2.9367 +/- 0.34123 L(0 - 5) 
mean_CB = -0.116520 +/- 0.032644 L(-50 - 1) 
n1_CB =  1.8361 +/- 0.18162 L(0 - 5) 
n2_CB =  0.78797 +/- 0.48761 L(0 - 20) 
sigma_CB =  1.0595 +/- 0.027890 L(0 - 500) 
