a1_CB =  1.1945 +/- 0.044194 L(0 - 5) 
a2_CB =  4.6417 +/- 20.475 L(0 - 5) 
mean_CB = -1.31723 +/- 0.062719 L(-50 - 1) 
n1_CB =  5.0000 +/- 0.73220 L(0 - 5) 
n2_CB =  0.71727 +/- 11.055 L(0 - 20) 
sigma_CB =  2.6804 +/- 0.048709 L(0 - 500) 
