a1_CB =  1.5146 +/- 0.23404 L(0 - 5) 
a2_CB =  2.2870 +/- 1.2900 L(0 - 5) 
mean_CB = -0.380836 +/- 0.041483 L(-50 - 1) 
n1_CB =  1.6825 +/- 0.34370 L(0 - 5) 
n2_CB =  2.2573 +/- 3.4685 L(0 - 20) 
sigma_CB =  1.3110 +/- 0.14901 L(0 - 500) 
