a1_CB =  1.1746 +/- 0.059233 L(0 - 5) 
a2_CB =  2.4879 +/- 0.11405 L(0 - 5) 
mean_CB = -0.403885 +/- 0.026897 L(-50 - 1) 
n1_CB =  2.3607 +/- 0.17628 L(0 - 5) 
n2_CB =  1.0401 +/- 0.20195 L(0 - 20) 
sigma_CB =  1.1329 +/- 0.023923 L(0 - 500) 
