a1_CB =  0.93466 +/- 0.085360 L(0 - 5) 
a2_CB =  2.3394 +/- 0.40809 L(0 - 5) 
mean_CB = -1.25165 +/- 0.15523 L(-50 - 1) 
n1_CB =  5.0000 +/- 0.52405 L(0 - 5) 
n2_CB =  1.8129 +/- 2.2081 L(0 - 20) 
sigma_CB =  2.5555 +/- 0.13470 L(0 - 500) 
