a1_CB =  0.99938 +/- 0.071223 L(0 - 5) 
a2_CB =  2.4848 +/- 0.18892 L(0 - 5) 
mean_CB = -0.752352 +/- 0.061324 L(-50 - 1) 
n1_CB =  3.8926 +/- 0.59869 L(0 - 5) 
n2_CB =  1.6251 +/- 0.61390 L(0 - 20) 
sigma_CB =  2.0014 +/- 0.050999 L(0 - 500) 
