a1_CB =  1.4885 +/- 0.068329 L(0 - 5) 
a2_CB =  2.3584 +/- 0.25159 L(0 - 5) 
mean_CB = -0.309814 +/- 0.026969 L(-50 - 1) 
n1_CB =  1.8556 +/- 0.14434 L(0 - 5) 
n2_CB =  1.9924 +/- 0.66641 L(0 - 20) 
sigma_CB =  1.3337 +/- 0.030158 L(0 - 500) 
