a1_CB =  1.0550 +/- 0.076990 L(0 - 5) 
a2_CB =  2.4720 +/- 0.19553 L(0 - 5) 
mean_CB = -0.611765 +/- 0.047096 L(-50 - 1) 
n1_CB =  2.6936 +/- 0.29247 L(0 - 5) 
n2_CB =  2.1071 +/- 0.67766 L(0 - 20) 
sigma_CB =  1.4139 +/- 0.039996 L(0 - 500) 
