a1_CB =  1.0265 +/- 0.095017 L(0 - 5) 
a2_CB =  2.3947 +/- 0.23303 L(0 - 5) 
mean_CB = -0.620350 +/- 0.045295 L(-50 - 1) 
n1_CB =  3.7297 +/- 0.71478 L(0 - 5) 
n2_CB =  1.3807 +/- 0.61649 L(0 - 20) 
sigma_CB =  1.2349 +/- 0.039111 L(0 - 500) 
