a1_CB =  1.2293 +/- 0.080117 L(0 - 5) 
a2_CB =  2.4576 +/- 0.28864 L(0 - 5) 
mean_CB = -0.233158 +/- 0.041696 L(-50 - 1) 
n1_CB =  2.5942 +/- 0.28921 L(0 - 5) 
n2_CB =  1.4133 +/- 0.60899 L(0 - 20) 
sigma_CB =  1.3207 +/- 0.039859 L(0 - 500) 
