a1_CB =  1.2843 +/- 0.091918 L(0 - 5) 
a2_CB =  2.2772 +/- 0.24887 L(0 - 5) 
mean_CB = -0.315758 +/- 0.034710 L(-50 - 1) 
n1_CB =  2.2462 +/- 0.26851 L(0 - 5) 
n2_CB =  1.6252 +/- 0.61304 L(0 - 20) 
sigma_CB =  1.0944 +/- 0.033663 L(0 - 500) 
