a1_CB =  1.5385 +/- 0.090870 L(0 - 5) 
a2_CB =  2.4090 +/- 0.19234 L(0 - 5) 
mean_CB = -0.396478 +/- 0.037405 L(-50 - 1) 
n1_CB =  1.5321 +/- 0.15240 L(0 - 5) 
n2_CB =  1.7094 +/- 0.49253 L(0 - 20) 
sigma_CB =  1.3696 +/- 0.033867 L(0 - 500) 
