a1_CB =  0.000053166 +/- 0.00014021 L(0 - 5) 
a2_CB =  0.000046343 +/- 0.00012198 L(0 - 5) 
mean_CB = -0.250977 +/- 0.026536 L(-50 - 1) 
n1_CB =  2.5897 +/- 0.11177 L(0 - 5) 
n2_CB =  9.4078 +/- 1.3631 L(0 - 20) 
sigma_CB =  0.000032035 +/- 0.000084339 L(0 - 500) 
