a1_CB =  1.0300 +/- 0.061544 L(0 - 5) 
a2_CB =  1.8933 +/- 0.13136 L(0 - 5) 
mean_CB = -0.649283 +/- 0.044042 L(-50 - 1) 
n1_CB =  4.0031 +/- 0.51690 L(0 - 5) 
n2_CB =  3.8909 +/- 1.0023 L(0 - 20) 
sigma_CB =  1.8450 +/- 0.045000 L(0 - 500) 
