a1_CB =  0.023501 +/- 0.15156 L(0 - 5) 
a2_CB =  0.038495 +/- 0.24814 L(0 - 5) 
mean_CB = -0.0693679 +/- 0.034135 L(-50 - 1) 
n1_CB =  3.7386 +/- 0.28951 L(0 - 5) 
n2_CB =  5.3185 +/- 0.67972 L(0 - 20) 
sigma_CB =  0.022053 +/- 0.14255 L(0 - 500) 
