a1_CB =  0.94698 +/- 0.053592 L(0 - 5) 
a2_CB =  2.0007 +/- 0.34173 L(0 - 5) 
mean_CB = -1.24473 +/- 0.091944 L(-50 - 1) 
n1_CB =  5.0000 +/- 1.1336 L(0 - 5) 
n2_CB =  4.9874 +/- 4.8282 L(0 - 20) 
sigma_CB =  2.5916 +/- 0.095036 L(0 - 500) 
