a1_CB =  1.5005 +/- 0.12066 L(0 - 5) 
a2_CB =  2.0193 +/- 0.29965 L(0 - 5) 
mean_CB = -0.347658 +/- 0.048820 L(-50 - 1) 
n1_CB =  2.2700 +/- 0.34437 L(0 - 5) 
n2_CB =  2.8237 +/- 1.2132 L(0 - 20) 
sigma_CB =  1.6753 +/- 0.060754 L(0 - 500) 
