a1_CB =  1.2647 +/- 0.090656 L(0 - 5) 
a2_CB =  1.7149 +/- 0.15271 L(0 - 5) 
mean_CB = -0.619863 +/- 0.053466 L(-50 - 1) 
n1_CB =  2.3145 +/- 0.27398 L(0 - 5) 
n2_CB =  3.0956 +/- 0.74872 L(0 - 20) 
sigma_CB =  1.7128 +/- 0.059760 L(0 - 500) 
