a1_CB =  1.0685 +/- 0.054404 L(0 - 5) 
a2_CB =  2.6552 +/- 0.32053 L(0 - 5) 
mean_CB = -1.07202 +/- 0.070036 L(-50 - 1) 
n1_CB =  5.0000 +/- 0.74263 L(0 - 5) 
n2_CB =  1.4726 +/- 1.2254 L(0 - 20) 
sigma_CB =  2.1017 +/- 0.060687 L(0 - 500) 
