a1_CB =  1.3962 +/- 0.068368 L(0 - 5) 
a2_CB =  2.2364 +/- 0.16938 L(0 - 5) 
mean_CB = -0.322897 +/- 0.029704 L(-50 - 1) 
n1_CB =  2.1448 +/- 0.17625 L(0 - 5) 
n2_CB =  2.5221 +/- 0.63055 L(0 - 20) 
sigma_CB =  1.4106 +/- 0.029197 L(0 - 500) 
