a1_CB =  0.81165 +/- 0.44241 L(0 - 5) 
a2_CB =  1.3077 +/- 0.35466 L(0 - 5) 
mean_CB = -0.670220 +/- 0.25884 L(-50 - 1) 
n1_CB =  4.9638 +/- 33.523 L(0 - 5) 
n2_CB =  16.941 +/- 21.910 L(0 - 20) 
sigma_CB =  1.7794 +/- 0.34598 L(0 - 500) 
