a1_CB =  0.86803 +/- 0.069884 L(0 - 5) 
a2_CB =  1.5808 +/- 0.25477 L(0 - 5) 
mean_CB = -0.636326 +/- 0.071935 L(-50 - 1) 
n1_CB =  5.0000 +/- 0.50737 L(0 - 5) 
n2_CB =  5.3054 +/- 3.2097 L(0 - 20) 
sigma_CB =  1.3080 +/- 0.084844 L(0 - 500) 
