a1_CB =  0.96461 +/- 0.056888 L(0 - 5) 
a2_CB =  2.3173 +/- 0.25856 L(0 - 5) 
mean_CB = -0.855740 +/- 0.068163 L(-50 - 1) 
n1_CB =  5.0000 +/- 0.85893 L(0 - 5) 
n2_CB =  1.1588 +/- 0.62895 L(0 - 20) 
sigma_CB =  1.5873 +/- 0.063775 L(0 - 500) 
