a1_CB =  1.3619 +/- 0.097786 L(0 - 5) 
a2_CB =  2.2869 +/- 0.18452 L(0 - 5) 
mean_CB = -0.192136 +/- 0.038149 L(-50 - 1) 
n1_CB =  2.2151 +/- 0.26083 L(0 - 5) 
n2_CB =  2.6911 +/- 0.83138 L(0 - 20) 
sigma_CB =  1.2081 +/- 0.033329 L(0 - 500) 
