a1_CB =  1.2003 +/- 0.056932 L(0 - 5) 
a2_CB =  2.2902 +/- 0.12036 L(0 - 5) 
mean_CB = -0.495996 +/- 0.028357 L(-50 - 1) 
n1_CB =  2.3053 +/- 0.17336 L(0 - 5) 
n2_CB =  1.7031 +/- 0.32883 L(0 - 20) 
sigma_CB =  1.3205 +/- 0.026144 L(0 - 500) 
