a1_CB =  0.98363 +/- 0.064201 L(0 - 5) 
a2_CB =  1.6819 +/- 0.16014 L(0 - 5) 
mean_CB = -0.625656 +/- 0.045892 L(-50 - 1) 
n1_CB =  4.1770 +/- 0.54603 L(0 - 5) 
n2_CB =  5.5863 +/- 1.8948 L(0 - 20) 
sigma_CB =  1.8590 +/- 0.059580 L(0 - 500) 
