a1_CB =  0.56251 +/- 0.044142 L(0 - 5) 
a2_CB =  1.2871 +/- 0.16187 L(0 - 5) 
mean_CB = -0.355757 +/- 0.094104 L(-50 - 1) 
n1_CB =  5.0000 +/- 1.6286 L(0 - 5) 
n2_CB =  4.4477 +/- 1.4698 L(0 - 20) 
sigma_CB =  1.7477 +/- 0.13113 L(0 - 500) 
