a1_CB =  1.1580 +/- 0.062039 L(0 - 5) 
a2_CB =  4.7976 +/- 9.3375 L(0 - 5) 
mean_CB = -0.865391 +/- 0.084878 L(-50 - 1) 
n1_CB =  4.9993 +/- 6.1285 L(0 - 5) 
n2_CB =  4.8793 +/- 12.278 L(0 - 20) 
sigma_CB =  2.3453 +/- 0.065899 L(0 - 500) 
