a1_CB =  0.69428 +/- 0.10622 L(0 - 5) 
a2_CB =  1.2079 +/- 0.26763 L(0 - 5) 
mean_CB = -1.19445 +/- 0.20056 L(-50 - 1) 
n1_CB =  5.0000 +/- 3.2411 L(0 - 5) 
n2_CB =  19.998 +/- 21.434 L(0 - 20) 
sigma_CB =  2.8043 +/- 0.37804 L(0 - 500) 
