a1_CB =  1.4877 +/- 0.081140 L(0 - 5) 
a2_CB =  2.5326 +/- 0.19520 L(0 - 5) 
mean_CB = -0.203395 +/- 0.029478 L(-50 - 1) 
n1_CB =  1.4853 +/- 0.12903 L(0 - 5) 
n2_CB =  1.2984 +/- 0.36976 L(0 - 20) 
sigma_CB =  1.0214 +/- 0.025717 L(0 - 500) 
