a1_CB =  1.1660 +/- 0.066511 L(0 - 5) 
a2_CB =  3.1123 +/- 0.11909 L(0 - 5) 
mean_CB = -1.19702 +/- 0.084536 L(-50 - 1) 
n1_CB =  4.9999 +/- 4.1629 L(0 - 5) 
n2_CB =  0.000032787 +/- 0.12153 L(0 - 20) 
sigma_CB =  2.5719 +/- 0.069231 L(0 - 500) 
