a1_CB =  1.0977 +/- 0.085178 L(0 - 5) 
a2_CB =  2.1499 +/- 0.24671 L(0 - 5) 
mean_CB = -0.620380 +/- 0.052789 L(-50 - 1) 
n1_CB =  3.2594 +/- 0.44068 L(0 - 5) 
n2_CB =  2.6429 +/- 1.0374 L(0 - 20) 
sigma_CB =  1.6842 +/- 0.057839 L(0 - 500) 
