a1_CB =  1.0064 +/- 0.075804 L(0 - 5) 
a2_CB =  2.3386 +/- 0.19907 L(0 - 5) 
mean_CB = -0.700062 +/- 0.059480 L(-50 - 1) 
n1_CB =  4.1633 +/- 0.67085 L(0 - 5) 
n2_CB =  2.1060 +/- 0.74253 L(0 - 20) 
sigma_CB =  1.8486 +/- 0.053425 L(0 - 500) 
