a1_CB =  0.81990 +/- 0.055934 L(0 - 5) 
a2_CB =  1.6001 +/- 0.14066 L(0 - 5) 
mean_CB = -0.550241 +/- 0.055673 L(-50 - 1) 
n1_CB =  4.8420 +/- 0.65983 L(0 - 5) 
n2_CB =  6.1092 +/- 1.9158 L(0 - 20) 
sigma_CB =  1.8548 +/- 0.068622 L(0 - 500) 
