a1_CB =  1.3199 +/- 0.058980 L(0 - 5) 
a2_CB =  2.3925 +/- 0.12298 L(0 - 5) 
mean_CB = -0.212252 +/- 0.023130 L(-50 - 1) 
n1_CB =  1.8734 +/- 0.11661 L(0 - 5) 
n2_CB =  1.5314 +/- 0.26563 L(0 - 20) 
sigma_CB =  1.0208 +/- 0.020547 L(0 - 500) 
