a1_CB =  1.4451 +/- 0.082815 L(0 - 5) 
a2_CB =  2.3142 +/- 0.28472 L(0 - 5) 
mean_CB = -0.293171 +/- 0.031383 L(-50 - 1) 
n1_CB =  1.6366 +/- 0.14187 L(0 - 5) 
n2_CB =  1.7958 +/- 0.63610 L(0 - 20) 
sigma_CB =  1.1681 +/- 0.036649 L(0 - 500) 
