a1_CB =  1.4492 +/- 0.073890 L(0 - 5) 
a2_CB =  2.3598 +/- 0.16846 L(0 - 5) 
mean_CB = -0.285651 +/- 0.028223 L(-50 - 1) 
n1_CB =  1.8452 +/- 0.14976 L(0 - 5) 
n2_CB =  1.7576 +/- 0.41965 L(0 - 20) 
sigma_CB =  1.2784 +/- 0.027353 L(0 - 500) 
