a1_CB =  1.1429 +/- 0.071163 L(0 - 5) 
a2_CB =  2.2039 +/- 0.19145 L(0 - 5) 
mean_CB = -0.614369 +/- 0.043450 L(-50 - 1) 
n1_CB =  3.1521 +/- 0.37394 L(0 - 5) 
n2_CB =  2.8430 +/- 0.92877 L(0 - 20) 
sigma_CB =  1.8310 +/- 0.044740 L(0 - 500) 
