a1_CB =  1.1684 +/- 0.059755 L(0 - 5) 
a2_CB =  2.3303 +/- 0.10938 L(0 - 5) 
mean_CB = -0.465027 +/- 0.028046 L(-50 - 1) 
n1_CB =  2.2995 +/- 0.17456 L(0 - 5) 
n2_CB =  1.3833 +/- 0.23810 L(0 - 20) 
sigma_CB =  1.1153 +/- 0.024434 L(0 - 500) 
