a1_CB =  0.99235 +/- 0.059891 L(0 - 5) 
a2_CB =  2.3873 +/- 0.24419 L(0 - 5) 
mean_CB = -1.31072 +/- 0.097995 L(-50 - 1) 
n1_CB =  5.0000 +/- 4.4309 L(0 - 5) 
n2_CB =  1.7046 +/- 1.1528 L(0 - 20) 
sigma_CB =  2.3580 +/- 0.083900 L(0 - 500) 
