a1_CB =  1.3280 +/- 0.089974 L(0 - 5) 
a2_CB =  1.7269 +/- 0.18375 L(0 - 5) 
mean_CB = -0.445149 +/- 0.049946 L(-50 - 1) 
n1_CB =  2.1645 +/- 0.24324 L(0 - 5) 
n2_CB =  5.1162 +/- 1.8193 L(0 - 20) 
sigma_CB =  1.6735 +/- 0.057814 L(0 - 500) 
