a1_CB =  0.91917 +/- 0.073275 L(0 - 5) 
a2_CB =  1.7192 +/- 0.27572 L(0 - 5) 
mean_CB = -1.46485 +/- 0.10501 L(-50 - 1) 
n1_CB =  5.0000 +/- 3.8338 L(0 - 5) 
n2_CB =  17.551 +/- 10.726 L(0 - 20) 
sigma_CB =  2.5055 +/- 0.10851 L(0 - 500) 
