a1_CB =  0.86140 +/- 0.078185 L(0 - 5) 
a2_CB =  2.4337 +/- 0.37558 L(0 - 5) 
mean_CB = -1.66296 +/- 0.18888 L(-50 - 1) 
n1_CB =  5.0000 +/- 1.0310 L(0 - 5) 
n2_CB =  1.4376 +/- 1.7994 L(0 - 20) 
sigma_CB =  3.0425 +/- 0.15622 L(0 - 500) 
