a1_CB =  1.0360 +/- 0.054627 L(0 - 5) 
a2_CB =  2.9035 +/- 0.52125 L(0 - 5) 
mean_CB = -1.21641 +/- 0.085766 L(-50 - 1) 
n1_CB =  4.9998 +/- 13.738 L(0 - 5) 
n2_CB =  0.49227 +/- 1.0231 L(0 - 20) 
sigma_CB =  2.2265 +/- 0.071133 L(0 - 500) 
