a1_CB =  0.53560 +/- 0.064065 L(0 - 5) 
a2_CB =  0.81965 +/- 0.089931 L(0 - 5) 
mean_CB = -0.484057 +/- 0.069374 L(-50 - 1) 
n1_CB =  3.1446 +/- 0.32749 L(0 - 5) 
n2_CB =  20.000 +/- 1.1725 L(0 - 20) 
sigma_CB =  1.4325 +/- 0.14824 L(0 - 500) 
