a1_CB =  0.94138 +/- 0.080090 L(0 - 5) 
a2_CB =  1.7897 +/- 0.25813 L(0 - 5) 
mean_CB = -0.786368 +/- 0.073187 L(-50 - 1) 
n1_CB =  3.2797 +/- 0.47831 L(0 - 5) 
n2_CB =  5.7409 +/- 3.0325 L(0 - 20) 
sigma_CB =  2.0912 +/- 0.092741 L(0 - 500) 
