a1_CB =  0.93459 +/- 0.095505 L(0 - 5) 
a2_CB =  1.4580 +/- 0.15736 L(0 - 5) 
mean_CB = -0.550091 +/- 0.075225 L(-50 - 1) 
n1_CB =  4.7902 +/- 2.6796 L(0 - 5) 
n2_CB =  20.000 +/- 20.909 L(0 - 20) 
sigma_CB =  1.9041 +/- 0.10736 L(0 - 500) 
