a1_CB =  1.3208 +/- 0.060115 L(0 - 5) 
a2_CB =  2.3866 +/- 0.31920 L(0 - 5) 
mean_CB = -0.237669 +/- 0.023959 L(-50 - 1) 
n1_CB =  1.9707 +/- 0.12776 L(0 - 5) 
n2_CB =  1.5208 +/- 0.60669 L(0 - 20) 
sigma_CB =  1.1327 +/- 0.034254 L(0 - 500) 
