a1_CB =  1.1001 +/- 0.075746 L(0 - 5) 
a2_CB =  1.8608 +/- 0.21181 L(0 - 5) 
mean_CB = -0.717888 +/- 0.051832 L(-50 - 1) 
n1_CB =  2.9048 +/- 0.35750 L(0 - 5) 
n2_CB =  6.6688 +/- 3.4921 L(0 - 20) 
sigma_CB =  1.8602 +/- 0.056824 L(0 - 500) 
