a1_CB =  1.3083 +/- 0.072909 L(0 - 5) 
a2_CB =  2.6654 +/- 0.16874 L(0 - 5) 
mean_CB = -0.413467 +/- 0.027808 L(-50 - 1) 
n1_CB =  1.9465 +/- 0.16941 L(0 - 5) 
n2_CB =  0.99137 +/- 0.29607 L(0 - 20) 
sigma_CB =  1.0553 +/- 0.023538 L(0 - 500) 
