a1_CB =  0.00048476 +/- 0.00011684 L(0 - 5) 
a2_CB =  0.00064055 +/- 0.00015325 L(0 - 5) 
mean_CB = -0.333147 +/- 0.035234 L(-50 - 1) 
n1_CB =  4.1713 +/- 0.35195 L(0 - 5) 
n2_CB =  18.053 +/- 14.871 L(0 - 20) 
sigma_CB =  0.00067079 +/- 0.00015990 L(0 - 500) 
