a1_CB =  1.0955 +/- 0.068448 L(0 - 5) 
a2_CB =  2.2108 +/- 0.13937 L(0 - 5) 
mean_CB = -0.515473 +/- 0.038965 L(-50 - 1) 
n1_CB =  2.5701 +/- 0.25415 L(0 - 5) 
n2_CB =  2.0536 +/- 0.47745 L(0 - 20) 
sigma_CB =  1.3108 +/- 0.034414 L(0 - 500) 
