a1_CB =  1.0387 +/- 0.052497 L(0 - 5) 
a2_CB =  2.3228 +/- 0.48034 L(0 - 5) 
mean_CB = -0.951351 +/- 0.073022 L(-50 - 1) 
n1_CB =  5.0000 +/- 0.72899 L(0 - 5) 
n2_CB =  2.7885 +/- 3.7175 L(0 - 20) 
sigma_CB =  2.2154 +/- 0.065311 L(0 - 500) 
