a1_CB =  1.0699 +/- 0.060840 L(0 - 5) 
a2_CB =  2.0198 +/- 0.14986 L(0 - 5) 
mean_CB = -0.715226 +/- 0.044642 L(-50 - 1) 
n1_CB =  2.8134 +/- 0.27642 L(0 - 5) 
n2_CB =  2.4731 +/- 0.58616 L(0 - 20) 
sigma_CB =  1.7293 +/- 0.046559 L(0 - 500) 
