a1_CB =  1.0218 +/- 0.092103 L(0 - 5) 
a2_CB =  2.1769 +/- 0.35839 L(0 - 5) 
mean_CB = -0.746064 +/- 0.12559 L(-50 - 1) 
n1_CB =  5.0000 +/- 9.1508 L(0 - 5) 
n2_CB =  2.6010 +/- 2.7024 L(0 - 20) 
sigma_CB =  2.2253 +/- 0.11616 L(0 - 500) 
