a1_CB =  0.92355 +/- 0.24423 L(0 - 5) 
a2_CB =  1.8791 +/- 0.44094 L(0 - 5) 
mean_CB = -0.852450 +/- 0.13543 L(-50 - 1) 
n1_CB =  4.9994 +/- 7.8864 L(0 - 5) 
n2_CB =  3.7752 +/- 3.2182 L(0 - 20) 
sigma_CB =  1.7884 +/- 0.14767 L(0 - 500) 
