a1_CB =  0.89758 +/- 0.056857 L(0 - 5) 
a2_CB =  2.0888 +/- 0.21277 L(0 - 5) 
mean_CB = -0.998295 +/- 0.10401 L(-50 - 1) 
n1_CB =  5.0000 +/- 0.29649 L(0 - 5) 
n2_CB =  2.9612 +/- 2.0237 L(0 - 20) 
sigma_CB =  2.4088 +/- 0.093526 L(0 - 500) 
