a1_CB =  1.2098 +/- 0.068689 L(0 - 5) 
a2_CB =  2.6343 +/- 0.23154 L(0 - 5) 
mean_CB = -0.213400 +/- 0.029690 L(-50 - 1) 
n1_CB =  2.0814 +/- 0.16497 L(0 - 5) 
n2_CB =  1.0759 +/- 0.36091 L(0 - 20) 
sigma_CB =  0.97680 +/- 0.026400 L(0 - 500) 
