a1_CB =  1.1119 +/- 0.052635 L(0 - 5) 
a2_CB =  4.7136 +/- 1.8132 L(0 - 5) 
mean_CB = -1.55050 +/- 0.089686 L(-50 - 1) 
n1_CB =  5.0000 +/- 12.389 L(0 - 5) 
n2_CB =  2.5533 +/- 17.290 L(0 - 20) 
sigma_CB =  2.9055 +/- 0.069415 L(0 - 500) 
