a1_CB =  0.67123 +/- 0.069173 L(0 - 5) 
a2_CB =  1.7249 +/- 0.37061 L(0 - 5) 
mean_CB = -1.41224 +/- 0.21650 L(-50 - 1) 
n1_CB =  5.0000 +/- 1.1210 L(0 - 5) 
n2_CB =  5.3281 +/- 7.8110 L(0 - 20) 
sigma_CB =  3.2519 +/- 0.21402 L(0 - 500) 
