a1_CB =  1.3262 +/- 0.060976 L(0 - 5) 
a2_CB =  2.2629 +/- 0.15098 L(0 - 5) 
mean_CB = -0.211849 +/- 0.023529 L(-50 - 1) 
n1_CB =  1.9380 +/- 0.12723 L(0 - 5) 
n2_CB =  1.7821 +/- 0.34082 L(0 - 20) 
sigma_CB =  1.0380 +/- 0.023870 L(0 - 500) 
