a1_CB =  1.2127 +/- 0.076232 L(0 - 5) 
a2_CB =  2.6946 +/- 0.20818 L(0 - 5) 
mean_CB = -0.194647 +/- 0.028971 L(-50 - 1) 
n1_CB =  1.7599 +/- 0.12852 L(0 - 5) 
n2_CB =  0.89424 +/- 0.28358 L(0 - 20) 
sigma_CB =  0.80596 +/- 0.024487 L(0 - 500) 
