a1_CB =  0.95344 +/- 0.067240 L(0 - 5) 
a2_CB =  1.8901 +/- 0.27147 L(0 - 5) 
mean_CB = -1.03664 +/- 0.095597 L(-50 - 1) 
n1_CB =  5.0000 +/- 1.6425 L(0 - 5) 
n2_CB =  4.7731 +/- 3.4487 L(0 - 20) 
sigma_CB =  2.0326 +/- 0.096209 L(0 - 500) 
