a1_CB =  1.1642 +/- 0.045730 L(0 - 5) 
a2_CB =  4.8616 +/- 0.12348 L(0 - 5) 
mean_CB = -1.36043 +/- 0.069603 L(-50 - 1) 
n1_CB =  5.0000 +/- 0.76656 L(0 - 5) 
n2_CB =  3.3411 +/- 6.2778 L(0 - 20) 
sigma_CB =  2.8456 +/- 0.052973 L(0 - 500) 
