a1_CB =  0.86963 +/- 0.077870 L(0 - 5) 
a2_CB =  1.5164 +/- 0.12988 L(0 - 5) 
mean_CB = -0.647049 +/- 0.074683 L(-50 - 1) 
n1_CB =  3.9764 +/- 0.64047 L(0 - 5) 
n2_CB =  20.000 +/- 19.062 L(0 - 20) 
sigma_CB =  1.9240 +/- 0.091268 L(0 - 500) 
