a1_CB =  1.3017 +/- 0.20242 L(0 - 5) 
a2_CB =  2.2124 +/- 0.42101 L(0 - 5) 
mean_CB = -0.923173 +/- 0.097904 L(-50 - 1) 
n1_CB =  2.2071 +/- 0.92283 L(0 - 5) 
n2_CB =  4.0641 +/- 5.0967 L(0 - 20) 
sigma_CB =  2.2007 +/- 0.086157 L(0 - 500) 
