a1_CB =  0.55561 +/- 0.051327 L(0 - 5) 
a2_CB =  0.95061 +/- 0.095955 L(0 - 5) 
mean_CB = -0.454066 +/- 0.068127 L(-50 - 1) 
n1_CB =  3.5018 +/- 0.40372 L(0 - 5) 
n2_CB =  12.428 +/- 4.5973 L(0 - 20) 
sigma_CB =  1.6245 +/- 0.11882 L(0 - 500) 
