a1_CB =  0.88389 +/- 0.56193 L(0 - 5) 
a2_CB =  1.6454 +/- 0.84373 L(0 - 5) 
mean_CB = -1.21895 +/- 0.24758 L(-50 - 1) 
n1_CB =  4.5807 +/- 12.973 L(0 - 5) 
n2_CB =  20.000 +/- 16.714 L(0 - 20) 
sigma_CB =  2.2537 +/- 0.49726 L(0 - 500) 
