a1_CB =  1.0944 +/- 0.086819 L(0 - 5) 
a2_CB =  3.1593 +/- 0.21521 L(0 - 5) 
mean_CB = -0.835025 +/- 0.067715 L(-50 - 1) 
n1_CB =  3.4532 +/- 0.56962 L(0 - 5) 
n2_CB =  0.36526 +/- 0.33842 L(0 - 20) 
sigma_CB =  2.1839 +/- 0.052003 L(0 - 500) 
