a1_CB =  1.2437 +/- 0.061163 L(0 - 5) 
a2_CB =  2.5154 +/- 0.18403 L(0 - 5) 
mean_CB = -0.568712 +/- 0.031465 L(-50 - 1) 
n1_CB =  2.3997 +/- 0.20584 L(0 - 5) 
n2_CB =  1.3567 +/- 0.44526 L(0 - 20) 
sigma_CB =  1.5028 +/- 0.028469 L(0 - 500) 
