a1_CB =  0.57919 +/- 0.048651 L(0 - 5) 
a2_CB =  1.6984 +/- 0.36762 L(0 - 5) 
mean_CB = -1.15973 +/- 0.17665 L(-50 - 1) 
n1_CB =  5.0000 +/- 3.4620 L(0 - 5) 
n2_CB =  4.4544 +/- 5.8492 L(0 - 20) 
sigma_CB =  2.9587 +/- 0.17255 L(0 - 500) 
