a1_CB =  0.99501 +/- 0.10745 L(0 - 5) 
a2_CB =  2.5977 +/- 0.27059 L(0 - 5) 
mean_CB = -0.590011 +/- 0.059985 L(-50 - 1) 
n1_CB =  4.1741 +/- 0.93552 L(0 - 5) 
n2_CB =  1.0274 +/- 0.60046 L(0 - 20) 
sigma_CB =  1.2509 +/- 0.049069 L(0 - 500) 
