a1_CB =  0.032613 +/- 0.010872 L(0 - 5) 
a2_CB =  0.046398 +/- 0.015310 L(0 - 5) 
mean_CB = -0.0000781354 +/- 0.024500 L(-50 - 1) 
n1_CB =  3.2790 +/- 0.22386 L(0 - 5) 
n2_CB =  6.0265 +/- 0.83159 L(0 - 20) 
sigma_CB =  0.024169 +/- 0.0078766 L(0 - 500) 
