a1_CB =  1.1667 +/- 0.061310 L(0 - 5) 
a2_CB =  2.3232 +/- 0.17088 L(0 - 5) 
mean_CB = -0.544640 +/- 0.032381 L(-50 - 1) 
n1_CB =  2.8109 +/- 0.25701 L(0 - 5) 
n2_CB =  1.6763 +/- 0.45521 L(0 - 20) 
sigma_CB =  1.4780 +/- 0.032589 L(0 - 500) 
