a1_CB =  1.3276 +/- 0.10932 L(0 - 5) 
a2_CB =  2.2687 +/- 0.17439 L(0 - 5) 
mean_CB = -0.604657 +/- 0.052394 L(-50 - 1) 
n1_CB =  2.4594 +/- 0.38475 L(0 - 5) 
n2_CB =  2.0136 +/- 0.65321 L(0 - 20) 
sigma_CB =  1.6697 +/- 0.047769 L(0 - 500) 
