a1_CB =  1.4654 +/- 0.085359 L(0 - 5) 
a2_CB =  2.6958 +/- 0.23039 L(0 - 5) 
mean_CB = -0.286531 +/- 0.031031 L(-50 - 1) 
n1_CB =  1.5558 +/- 0.13605 L(0 - 5) 
n2_CB =  1.2377 +/- 0.42408 L(0 - 20) 
sigma_CB =  1.0894 +/- 0.027206 L(0 - 500) 
