a1_CB =  1.0862 +/- 0.070267 L(0 - 5) 
a2_CB =  2.3570 +/- 0.19969 L(0 - 5) 
mean_CB = -0.646055 +/- 0.046719 L(-50 - 1) 
n1_CB =  3.8157 +/- 0.49028 L(0 - 5) 
n2_CB =  2.5800 +/- 0.92719 L(0 - 20) 
sigma_CB =  1.8394 +/- 0.043185 L(0 - 500) 
