a1_CB =  1.3677 +/- 0.083158 L(0 - 5) 
a2_CB =  2.2940 +/- 0.17243 L(0 - 5) 
mean_CB = -0.229435 +/- 0.033999 L(-50 - 1) 
n1_CB =  1.8115 +/- 0.16063 L(0 - 5) 
n2_CB =  1.9221 +/- 0.46802 L(0 - 20) 
sigma_CB =  1.1252 +/- 0.031223 L(0 - 500) 
