a1_CB =  1.1757 +/- 0.058564 L(0 - 5) 
a2_CB =  2.5438 +/- 0.14140 L(0 - 5) 
mean_CB = -0.446080 +/- 0.029890 L(-50 - 1) 
n1_CB =  2.6062 +/- 0.21511 L(0 - 5) 
n2_CB =  1.0839 +/- 0.27899 L(0 - 20) 
sigma_CB =  1.3388 +/- 0.026334 L(0 - 500) 
