a1_CB =  1.3161 +/- 0.055745 L(0 - 5) 
a2_CB =  2.4827 +/- 0.15713 L(0 - 5) 
mean_CB = -0.136768 +/- 0.018834 L(-50 - 1) 
n1_CB =  1.6915 +/- 0.092286 L(0 - 5) 
n2_CB =  1.1965 +/- 0.24948 L(0 - 20) 
sigma_CB =  0.82069 +/- 0.017496 L(0 - 500) 
