a1_CB =  0.93642 +/- 0.077377 L(0 - 5) 
a2_CB =  1.7022 +/- 0.19987 L(0 - 5) 
mean_CB = -0.850476 +/- 0.11900 L(-50 - 1) 
n1_CB =  5.0000 +/- 4.5747 L(0 - 5) 
n2_CB =  19.548 +/- 6.4776 L(0 - 20) 
sigma_CB =  2.2556 +/- 0.12474 L(0 - 500) 
