a1_CB =  1.2162 +/- 0.070777 L(0 - 5) 
a2_CB =  2.5227 +/- 0.15653 L(0 - 5) 
mean_CB = -0.364223 +/- 0.029675 L(-50 - 1) 
n1_CB =  2.2061 +/- 0.18451 L(0 - 5) 
n2_CB =  1.1370 +/- 0.28319 L(0 - 20) 
sigma_CB =  1.0764 +/- 0.026658 L(0 - 500) 
