a1_CB =  0.52887 +/- 0.14753 L(0 - 5) 
a2_CB =  1.2943 +/- 0.39648 L(0 - 5) 
mean_CB = -0.850430 +/- 0.45962 L(-50 - 1) 
n1_CB =  5.0000 +/- 8.9884 L(0 - 5) 
n2_CB =  4.5667 +/- 5.3558 L(0 - 20) 
sigma_CB =  2.5388 +/- 0.56347 L(0 - 500) 
