a1_CB =  1.0193 +/- 0.10778 L(0 - 5) 
a2_CB =  1.4540 +/- 0.20663 L(0 - 5) 
mean_CB = -1.14969 +/- 0.13358 L(-50 - 1) 
n1_CB =  5.0000 +/- 5.1760 L(0 - 5) 
n2_CB =  19.999 +/- 17.526 L(0 - 20) 
sigma_CB =  2.5479 +/- 0.19185 L(0 - 500) 
