a1_CB =  0.93422 +/- 0.091349 L(0 - 5) 
a2_CB =  2.4735 +/- 1.1492 L(0 - 5) 
mean_CB = -1.46479 +/- 0.19104 L(-50 - 1) 
n1_CB =  5.0000 +/- 4.1867 L(0 - 5) 
n2_CB =  3.1131 +/- 12.953 L(0 - 20) 
sigma_CB =  3.1115 +/- 0.15959 L(0 - 500) 
