a1_CB =  1.4059 +/- 0.10017 L(0 - 5) 
a2_CB =  2.3102 +/- 0.18418 L(0 - 5) 
mean_CB = -0.278354 +/- 0.037875 L(-50 - 1) 
n1_CB =  1.9113 +/- 0.21206 L(0 - 5) 
n2_CB =  1.9531 +/- 0.52110 L(0 - 20) 
sigma_CB =  1.1732 +/- 0.034708 L(0 - 500) 
