a1_CB =  1.3646 +/- 0.073224 L(0 - 5) 
a2_CB =  2.6631 +/- 0.20707 L(0 - 5) 
mean_CB = -0.333974 +/- 0.036629 L(-50 - 1) 
n1_CB =  1.9380 +/- 0.17111 L(0 - 5) 
n2_CB =  1.1122 +/- 0.37036 L(0 - 20) 
sigma_CB =  1.3700 +/- 0.032154 L(0 - 500) 
