a1_CB =  0.50998 +/- 0.090571 L(0 - 5) 
a2_CB =  1.1158 +/- 0.20982 L(0 - 5) 
mean_CB = -1.24387 +/- 0.27604 L(-50 - 1) 
n1_CB =  5.0000 +/- 6.7492 L(0 - 5) 
n2_CB =  19.999 +/- 100.69 L(0 - 20) 
sigma_CB =  2.5889 +/- 0.40060 L(0 - 500) 
