a1_CB =  0.000011500 +/- 0.000010304 L(0 - 5) 
a2_CB =  0.000010434 +/- 0.0000093253 L(0 - 5) 
mean_CB = -0.179093 +/- 0.0036633 L(-50 - 1) 
n1_CB =  2.8924 +/- 0.18559 L(0 - 5) 
n2_CB =  14.289 +/- 4.3695 L(0 - 20) 
sigma_CB =  0.0000077794 +/- 0.0000069340 L(0 - 500) 
