a1_CB =  1.0179 +/- 0.054028 L(0 - 5) 
a2_CB =  2.3623 +/- 0.17784 L(0 - 5) 
mean_CB = -1.08173 +/- 0.084367 L(-50 - 1) 
n1_CB =  5.0000 +/- 0.83890 L(0 - 5) 
n2_CB =  2.5979 +/- 1.3610 L(0 - 20) 
sigma_CB =  2.4733 +/- 0.074817 L(0 - 500) 
