a1_CB =  0.041448 +/- 0.64019 L(0 - 5) 
a2_CB =  0.048041 +/- 0.74354 L(0 - 5) 
mean_CB =  0.0092174 +/- 0.020525 L(-50 - 1) 
n1_CB =  2.5909 +/- 0.14904 L(0 - 5) 
n2_CB =  7.2578 +/- 1.2116 L(0 - 20) 
sigma_CB =  0.025849 +/- 0.40335 L(0 - 500) 
