a1_CB =  1.3469 +/- 0.061751 L(0 - 5) 
a2_CB =  2.4773 +/- 0.14176 L(0 - 5) 
mean_CB = -0.229300 +/- 0.025138 L(-50 - 1) 
n1_CB =  1.8577 +/- 0.12461 L(0 - 5) 
n2_CB =  1.4454 +/- 0.29209 L(0 - 20) 
sigma_CB =  1.1268 +/- 0.022691 L(0 - 500) 
