a1_CB =  1.1221 +/- 0.090286 L(0 - 5) 
a2_CB =  2.2299 +/- 0.17622 L(0 - 5) 
mean_CB = -0.631734 +/- 0.051716 L(-50 - 1) 
n1_CB =  2.8142 +/- 0.36117 L(0 - 5) 
n2_CB =  1.6946 +/- 0.47037 L(0 - 20) 
sigma_CB =  1.5233 +/- 0.051061 L(0 - 500) 
