a1_CB =  1.2738 +/- 0.061949 L(0 - 5) 
a2_CB =  2.1058 +/- 0.15758 L(0 - 5) 
mean_CB = -0.260040 +/- 0.026745 L(-50 - 1) 
n1_CB =  2.1648 +/- 0.15650 L(0 - 5) 
n2_CB =  2.6995 +/- 0.60268 L(0 - 20) 
sigma_CB =  1.1773 +/- 0.027178 L(0 - 500) 
