a1_CB =  0.93977 +/- 0.066276 L(0 - 5) 
a2_CB =  1.6961 +/- 0.29173 L(0 - 5) 
mean_CB = -1.04634 +/- 0.079793 L(-50 - 1) 
n1_CB =  5.0000 +/- 1.1559 L(0 - 5) 
n2_CB =  7.4776 +/- 5.6330 L(0 - 20) 
sigma_CB =  1.8252 +/- 0.10049 L(0 - 500) 
