a1_CB =  1.2921 +/- 0.075725 L(0 - 5) 
a2_CB =  2.1982 +/- 0.24359 L(0 - 5) 
mean_CB = -0.315848 +/- 0.039947 L(-50 - 1) 
n1_CB =  2.0198 +/- 0.18598 L(0 - 5) 
n2_CB =  2.2179 +/- 0.73507 L(0 - 20) 
sigma_CB =  1.4134 +/- 0.042102 L(0 - 500) 
