a1_CB =  1.3426 +/- 0.059175 L(0 - 5) 
a2_CB =  2.3702 +/- 0.15251 L(0 - 5) 
mean_CB = -0.228330 +/- 0.023467 L(-50 - 1) 
n1_CB =  1.8140 +/- 0.11574 L(0 - 5) 
n2_CB =  1.5977 +/- 0.33449 L(0 - 20) 
sigma_CB =  1.0776 +/- 0.021811 L(0 - 500) 
