a1_CB =  1.3158 +/- 0.13830 L(0 - 5) 
a2_CB =  3.1707 +/- 0.71556 L(0 - 5) 
mean_CB = -1.03839 +/- 0.072571 L(-50 - 1) 
n1_CB =  2.9795 +/- 0.84120 L(0 - 5) 
n2_CB =  0.087384 +/- 1.0493 L(0 - 20) 
sigma_CB =  2.0057 +/- 0.059481 L(0 - 500) 
